1
12
-312 -87 -279
-64 -64 -127
459 79 -377
80 100 253
342 -81 -35
61 358 -299
-341 -392 56
256 -412 159
-444 -412 316
-323 374 498
272 -189 260
-152 -226 -377

7
-322 -265 -137
391 -106 -324
-288 197 492
-162 -90 -343
22 297 -195
-60 468 189
-393 -37 71
OK

17
359 248 315
155 -147 169
-34 314 360
286 -280 -248
12 -325 -45
128 269 -324
247 317 85
-418 77 -317
17 393 -439
323 442 -391
-314 -331 -127
135 164 -106
439 -276 -19
257 472 -300
287 -254 486
-285 216 -204
421 296 312
ERROR

12
349 71 456
-81 -189 -339
220 432 228
43 221 158
-307 53 -205
6 380 -146
195 -19 -210
-64 321 -365
92 140 30
-201 131 166
239 99 -130
124 14 -125
OK

8
340 -107 -403
-317 -231 465
475 -451 96
-199 31 -438
374 431 -365
194 181 342
-167 336 -195
-400 -435 -103
OK

4
0 0 0
1 0 0
0 1 0
0 0 1

6
2 2 2
0 -1 3
2 0 1
0 2 2
1 1 2
1.1 1.1 2.2

4
0 0 0
10 0 0
0 10 0
10 10 10
5
0 0 0
10 0 0
0 10 0
10 10 10
5 5 1
5
0 0 0
10 0 0
0 10 0
10 10 10
5 5 10
