5
-6 -7 20 11
1 -1 14 11
-10 -6 12 1
1 -2 1 19
-7 -3 8 4

6
1 -7 1 -18
4 3 8 8
-1 -5 -4 -16
9 -8 -1 -19
5 -10 4 1
0 8 12 -13

9
-2 3 1 2
6 2 -1 5
10 4 8 14
-4 -3 18 -18
4 8 -3 -19
-1 7 18 -15
3 2 17 18
-2 -2 11 -9
-1 -10 17 -19
YES
5 9

2
0 0 2 2
0 2 2 0
YES
1 2

2
0 0 3 2
0 -1 3 -2
NO

6
0 1 3 2
1 4 4 4
2 6 6 6 
5 3 8 4
6 5 9 6
8 6 11 5
YES
5 6

7
0 1 3 2
1 4 4 4
2 6 5 6 
5 3 8 4
6 5 9 6
8 6 11 5
3 4 5 4
YES
2 7

2
0 0 2 2
0 2 2 0
YES
1 2

2
0 0 3 2
0 -1 3 -2
NO

2
0 0 2 2
0 2 2 0
YES
1 2



4
2 3 4 5
4 3 2 5
1 3 2 4
3 2 5 4
YES
1 2





7
0 1 3 2
1 4 4 4
2 6 6 6 
5 3 8 4
6 5 9 6
8 6 11 5
3 4 5 4
YES
2 7

6
0 1 3 2
1 4 4 4
2 6 6 6 
5 3 8 4
6 5 9 6
8 6 11 5
YES
5 6





2
0 0 2 2
0 2 2 0
YES
1 2

7
0 1 3 2
1 4 4 4
2 6 6 6 
5 3 8 4
6 5 9 6
8 6 11 5
3 4 5 4
YES
2 7



2
0 0 3 2
0 -1 3 -2
NO

6
0 1 3 2
1 4 4 4
2 6 6 6 
5 3 8 4
6 5 9 6
8 6 11 5
YES
5 6


7
0 1 3 2
1 4 4 4
2 6 6 6 
5 3 8 4
6 5 9 6
8 6 11 5
3 4 5 4
YES
2 7 





7
0 1 3 2
1 4 4 4
2 6 6 6 
5 3 8 4
6 5 9 6
8 6 11 5
3 4 5 4

6
0 1 3 2
1 4 4 4
2 6 6 6 
5 3 8 4
6 5 9 6
8 6 11 7
NO











