01000000
10100000
31100000
00001000
00012000
00000000
00010100
00000000

01000000
10100000
30000000
00210000
00010000
00000000
00000000
00000000
-1

01000000
10100000
31100000
00020000
00000000
00000000
00000000
00000000
-1

01000000
10100000
31100002
00001000
00010000
00000000
00010100
00000000



01000000
11100000
31100000
01101000
02110000
01100000
00010100
00000000
-1


01000000
10100000
31100002
00001000
00010000
00000000
00010100
00000000

01000000
10100000
31100002
00000000
00000000
00000000
00000000
00000000


