0 7 3
5 4 1
7 3 0
2 3 5a

0 0 -2
2 2 2
0 -2 0
2 3 5

0 0 0
1 0 0
0 1 1
0 2 1

1 0 0
2 0 0
0 1 0
0 2 0

1 0 0
2 0 0
0 1 0
0 2 0

0 0 0
1 0 0
0 1 0
0 2 0

0 0 0
2 2 0
-3 -3 1
-1 -1 1

0 0 0
1 1 1
0 0 1
0 1 0

0 0 0
1 1 0
0 0 1
0.5 1 0.5
0.707107

0 0 0
1 1 0
0 0 1
1 1 0.5

0 0 0
0 0 1
1 0 1
1 0 0

0 0 0
1 1 0
0 0 1
1 1 0.5

0 0 0
0 0 1
1 0 1
1 0 0



0 0 0
0 0 1
1 0 1
1 0 0

0 0 0
1 1 1
0 0 1
0 1 0
0.408248




0 0 0
1 1 0
0.25 1 0.25
0 0 1





0 0 0
1 1 0
0 0 1
0.5 1 0.5
0.707107






0 0 0
1 1 0
1 1 0
0 0 1

0 0 0
1 1 0
0 0 1
1 1 0
0.000000

0 0 0
1 1 1
0 0 1
0 1 0
0.408248


# TODO
0 0 0
1 1 0
-1 -1 -1
1 1 0
